Number=33

; === 1?? NORMAL LATERAL BUOYS ===
Type(1)="port_small"
Long(1)=-9.97400
Lat(1)=50.03550

Type(2)="port_med"
Long(2)=-9.97370
Lat(2)=50.03550

Type(3)="port_post"
Long(3)=-9.97340
Lat(3)=50.03550

Type(4)="stbd_small"
Long(4)=-9.97310
Lat(4)=50.03550

Type(5)="stbd_med"
Long(5)=-9.97280
Lat(5)=50.03550

Type(6)="stbd_post"
Long(6)=-9.97250
Lat(6)=50.03550

; === 2?? PREFERRED CHANNEL MARKS ===
Type(7)="pref_port_small"
Long(7)=-9.97220
Lat(7)=50.03550

Type(8)="pref_port"
Long(8)=-9.97190
Lat(8)=50.03550

Type(9)="pref_stbd_small"
Long(9)=-9.97160
Lat(9)=50.03550

Type(10)="pref_stbd"
Long(10)=-9.97130
Lat(10)=50.03550

; === 3?? SHAPE / FORM TESTS (CONES & CANS) ===
Type(11)="Green_can"
Long(11)=-9.97100
Lat(11)=50.03550

Type(12)="GreenCan"
Long(12)=-9.97070
Lat(12)=50.03550

Type(13)="green_cone"
Long(13)=-9.97040
Lat(13)=50.03550

Type(14)="Red_Cone"
Long(14)=-9.97010
Lat(14)=50.03550

; === 4?? SAFE WATER / MOORING / GENERAL ===
Type(15)="safe"
Long(15)=-9.96980
Lat(15)=50.03550

Type(16)="mooring"
Long(16)=-9.96950
Lat(16)=50.03550

Type(17)="rw"
Long(17)=-9.96920
Lat(17)=50.03550

Type(18)="ry"
Long(18)=-9.96890
Lat(18)=50.03550

; === 5?? SPECIAL & OTHER MARKS ===
Type(19)="special_1"
Long(19)=-9.96860
Lat(19)=50.03550

Type(20)="special_post"
Long(20)=-9.96830
Lat(20)=50.03550

Type(21)="black"
Long(21)=-9.96800
Lat(21)=50.03550

Type(22)="black_cone"
Long(22)=-9.96770
Lat(22)=50.03550

Type(23)="other"
Long(23)=-9.96740
Lat(23)=50.03550

; === 6?? CARDINAL MARKS ===
Type(24)="north_small"
Long(24)=-9.96710
Lat(24)=50.03550

Type(25)="north"
Long(25)=-9.96680
Lat(25)=50.03550

Type(26)="east_small"
Long(26)=-9.96650
Lat(26)=50.03550

Type(27)="east"
Long(27)=-9.96620
Lat(27)=50.03550

Type(28)="south_small"
Long(28)=-9.96590
Lat(28)=50.03550

Type(29)="south"
Long(29)=-9.96560
Lat(29)=50.03550

Type(30)="west_small"
Long(30)=-9.96530
Lat(30)=50.03550

Type(31)="west"
Long(31)=-9.96500
Lat(31)=50.03550

; === 7?? DUPLICATES / CONTROL MARKS (OPTIONAL) ===
Type(32)="safe"
Long(32)=-9.96470
Lat(32)=50.03550

Type(33)="special_post"
Long(33)=-9.96440
Lat(33)=50.03550
